1000
741
694
423
581
575
561
133
531
965
705
564
530
427
339
140
363
42
868
424
529
923
162
999
398
351
241
556
368
49
764
735
243
114
726
749
444
450
710
819
757
762
341
452
265
641
147
448
485
98
677
118
486
119
771
572
873
93
659
511
681
284
257
282
724
952
574
13
4
319
661
650
268
623
602
127
213
916
591
178
951
156
230
990
206
996
110
326
264
310
880
190
263
636
822
164
407
442
922
201
446
654
795
141
918
86
185
222
251
406
14
158
835
447
354
801
682
563
17
37
522
436
393
566
989
605
700
183
61
386
552
46
431
670
471
211
655
747
580
899
679
78
171
249
739
668
583
435
451
913
92
295
79
825
733
278
323
12
148
153
869
470
247
614
137
912
537
260
214
541
256
721
443
11
410
966
220
629
671
409
129
75
172
948
555
460
736
226
306
843
640
881
84
244
454
521
637
62
545
126
786
907
886
99
163
862
281
754
606
874
669
784
101
837
66
746
526
515
173
104
428
44
759
501
891
90
731
314
480
35
829
920
718
155
95
675
683
85
798
689
125
995
503
740
813
94
458
396
622
371
875
557
437
146
870
954
781
91
283
429
463
543
245
704
182
343
205
445
305
109
131
861
142
709
649
750
639
202
106
152
577
426
582
809
350
984
737
664
335
275
100
340
685
15
395
16
792
377
667
703
513
872
559
288
174
887
291
518
856
83
271
656
177
475
60
846
836
601
400
620
248
150
309
612
534
329
430
385
535
315
695
235
767
619
459
935
890
794
532
32
217
135
65
753
139
684
648
404
179
328
610
901
859
666
418
41
850
826
464
647
433
359
934
573
884
111
604
967
900
936
121
10
565
303
830
297
716
390
980
449
67
616
962
19
6
169
889
151
25
180
274
215
638
204
588
168
498
917
383
810
408
413
369
302
417
893
832
210
715
467
914
69
804
665
613
587
276
497
852
569
56
714
838
599
509
845
64
595
982
596
722
120
642
115
372
20
360
154
242
944
748
871
187
805
441
493
882
277
145
27
357
611
70
273
438
729
790
676
903
331
708
389
29
290
261
768
949
416
539
347
287
734
618
191
777
361
299
455
758
421
987
477
608
499
947
73
514
956
208
589
81
972
943
481
189
548
730
533
674
113
570
958
579
635
763
688
985
457
797
866
419
969
89
506
59
628
546
345
24
322
237
888
301
812
39
500
785
621
28
72
47
124
136
981
915
2
910
799
474
342
149
352
472
626
643
991
885
259
105
702
744
970
234
304
713
902
751
502
344
269
877
365
26
34
272
988
823
678
320
192
267
701
769
778
927
800
783
199
892
906
376
336
554
528
974
592
824
651
519
76
384
317
96
723
807
374
725
333
397
198
379
1
950
658
857
348
960
252
691
316
356
332
645
707
632
411
473
770
233
298
802
143
489
482
617
144
627
496
221
200
597
977
925
36
585
938
517
814
607
997
720
161
280
983
401
567
311
756
387
646
160
338
415
931
355
820
97
975
238
358
590
186
138
483
959
742
216
728
864
855
968
349
71
128
300
50
346
766
911
239
706
847
225
894
693
227
644
921
440
370
937
487
203
818
134
23
465
930
953
228
942
816
80
576
478
45
373
327
698
525
821
926
865
181
690
469
536
549
834
631
31
414
51
176
699
63
793
289
924
828
209
562
842
976
971
18
755
841
547
687
250
538
184
194
293
240
117
364
692
523
598
7
325
223
479
420
860
593
296
53
33
727
895
167
933
939
584
292
789
504
102
330
609
765
270
851
453
188
507
462
848
905
964
285
929
388
30
508
840
961
258
58
815
603
660
224
540
625
170
262
833
476
505
571
399
334
908
732
779
159
307
492
196
108
74
878
382
657
568
827
439
107
743
686
630
318
495
817
466
994
412
367
402
286
3
883
941
484
321
229
337
432
761
831
773
717
711
863
82
940
776
132
468
624
803
955
932
909
353
978
103
434
375
634
876
752
578
811
697
653
5
165
558
255
55
963
22
166
488
586
21
68
780
594
312
998
853
806
112
808
774
560
195
760
662
324
8
979
772
680
77
696
52
212
43
294
986
897
362
391
919
738
551
867
844
745
380
405
957
898
236
553
787
510
130
366
207
896
490
122
266
544
308
246
520
858
38
381
879
615
157
788
175
279
712
550
993
673
54
1000
232
253
904
512
87
775
57
456
796
48
992
218
524
461
839
193
672
782
425
254
652
945
719
849
542
9
633
491
378
116
40
516
219
663
394
527
422
946
791
231
313
973
123
494
392
88
928
600
197
854
403
