1000
222
625
913
220
867
900
554
901
831
760
711
79
323
801
956
899
136
890
576
997
849
459
876
367
726
926
835
247
589
539
25
793
37
817
146
859
526
447
877
629
380
907
488
103
524
616
407
390
200
21
690
665
326
57
373
184
532
341
221
251
508
31
856
402
862
168
841
98
418
880
472
932
855
770
343
444
600
538
403
668
790
394
239
482
287
397
708
897
186
215
888
525
500
742
81
761
448
338
548
73
306
777
60
277
735
314
503
988
815
283
723
156
615
303
286
553
450
873
838
262
535
161
74
984
936
717
852
406
650
294
170
197
912
558
389
339
915
868
301
59
834
676
786
527
384
371
605
474
887
949
593
399
379
972
327
189
990
117
648
495
652
171
529
77
332
416
971
518
468
644
757
510
424
45
478
914
565
816
140
138
765
455
977
669
649
88
740
768
54
155
89
588
232
99
282
246
32
844
722
296
357
457
207
317
405
998
114
818
687
940
308
430
261
477
714
209
584
583
217
130
946
599
236
853
194
642
601
348
6
922
302
509
470
363
560
562
624
353
241
129
695
410
349
479
745
80
809
144
891
811
224
284
182
361
219
821
322
848
989
696
460
354
153
632
340
552
942
607
858
111
435
366
572
55
541
864
134
830
412
551
223
228
678
426
814
356
603
347
292
185
964
316
330
638
163
483
763
256
789
995
748
27
894
627
967
633
734
504
137
97
866
679
400
177
4
436
149
127
865
680
84
445
315
13
694
516
3
249
767
102
884
608
124
927
492
618
258
982
930
360
839
611
61
499
20
712
238
214
192
365
874
497
75
456
965
116
420
206
908
92
193
812
90
93
980
987
935
467
791
645
540
871
270
94
167
751
720
555
704
985
857
978
878
775
861
872
730
377
766
63
174
779
992
391
464
904
764
659
656
804
799
385
374
42
469
290
392
684
774
188
981
253
749
387
259
962
672
702
610
772
910
744
16
143
152
597
408
318
569
736
879
213
698
595
438
298
451
973
732
545
675
660
925
813
670
66
563
383
419
691
165
41
52
840
381
850
785
18
609
531
382
582
265
271
267
719
944
753
289
721
484
731
154
966
826
845
351
951
677
918
647
458
233
157
515
931
822
324
604
752
109
452
65
587
737
602
319
128
666
446
441
372
661
334
375
709
592
172
506
937
683
87
974
142
685
819
240
110
738
370
44
123
533
329
498
8
26
305
954
331
939
53
388
622
948
169
590
62
769
230
141
231
994
427
486
108
7
211
689
11
697
596
36
991
208
747
121
776
162
266
577
842
496
226
67
199
68
639
39
513
176
242
710
528
754
536
682
173
429
86
781
663
72
902
741
285
28
325
202
463
263
461
40
423
534
210
216
106
530
125
133
846
758
564
783
122
921
906
248
718
968
825
404
646
905
281
355
970
523
104
574
376
787
933
175
549
561
164
919
705
362
415
107
544
69
505
254
494
422
578
568
245
653
250
958
643
938
328
454
885
225
875
431
621
579
417
51
957
151
64
105
295
739
179
833
350
421
805
205
204
823
715
798
699
255
203
260
344
928
201
651
342
218
759
950
620
882
35
313
440
276
654
961
462
963
792
280
881
257
56
300
38
485
150
96
617
82
566
183
180
320
396
434
619
671
664
58
274
542
543
85
803
829
1000
237
896
959
911
115
571
585
947
883
681
158
807
520
413
700
244
507
575
425
345
119
443
12
196
631
476
641
293
756
288
869
806
264
22
522
428
976
614
112
33
688
847
299
903
686
333
449
76
836
401
272
297
655
148
304
442
234
414
743
693
892
667
47
139
46
630
160
473
517
321
613
701
2
800
43
909
996
945
828
70
559
916
359
491
309
636
147
707
953
132
827
48
453
95
547
190
546
612
969
432
439
198
550
131
411
437
91
311
952
10
212
279
591
191
658
808
580
17
810
854
49
307
728
501
278
145
674
784
5
586
975
870
934
181
29
487
537
716
924
657
713
471
291
999
126
570
352
30
514
795
606
796
573
78
983
820
15
837
673
556
943
268
851
101
187
275
598
337
135
640
623
773
312
662
794
843
955
100
466
567
465
634
729
395
832
409
481
493
50
917
9
626
893
755
929
243
771
725
920
398
923
475
489
628
490
358
860
386
346
273
960
778
229
521
310
1
724
118
235
369
557
34
993
594
24
762
706
986
364
83
269
979
19
227
393
252
368
941
802
159
797
889
166
727
581
824
335
733
898
378
178
895
886
23
637
113
746
863
502
782
780
195
480
750
512
692
433
703
635
519
120
71
788
336
14
511
