10000
7351
5478
3185
4094
1342
4027
3648
9586
1787
4755
253
4304
6795
9445
99
4392
8807
7555
951
9446
6711
5080
7875
6022
5136
4673
5672
613
7531
6897
3832
3367
4897
3926
9115
1965
7395
6500
6460
2973
2882
4509
6699
4646
8224
7018
5208
5350
1744
3400
6565
4389
3622
9367
5691
1992
2457
4899
9977
9919
6888
9665
2572
4058
4551
4003
5124
4674
8681
5782
7829
42
6290
8627
1433
6543
4709
9940
3287
8472
93
8111
1328
4032
9684
4911
8704
3539
2027
5894
3656
7326
1933
2399
4109
6989
2980
7154
9244
252
6147
6499
4541
4874
1340
769
5609
320
7151
7775
9781
6143
4366
4484
1856
60
1790
4733
8857
2323
7192
5288
9309
5429
9748
685
1403
6430
2757
763
3920
5147
556
7180
2492
4571
6603
2962
248
6569
8786
5339
3468
8678
163
9724
289
6211
814
2047
7055
4968
1564
1635
907
3424
3569
1705
8469
9767
4213
7755
3484
575
9109
3681
2607
3846
8955
7740
4592
1453
4611
8051
3379
8276
1626
9394
8983
1659
6520
7413
5027
9704
7572
4056
7636
6293
4974
2707
7423
5543
6072
5652
7088
4623
3195
5001
1523
9717
9072
2687
7643
1382
6455
1084
6587
138
6712
3359
5212
9142
8187
4882
4945
6517
726
4398
7176
9618
5784
7705
8754
6356
6005
6903
9155
5669
2628
3255
6497
3818
1372
1086
5467
7454
1871
5086
9737
7746
4508
3500
2094
7287
9895
4132
5191
8127
3360
3701
8580
8854
56
7067
7770
2521
619
9731
6512
5064
7665
3429
327
5251
8540
2690
1496
6097
2385
9930
4046
5876
5648
4715
2107
778
8178
3764
647
5694
3369
2271
757
3547
1833
4446
8934
3937
6100
645
12
4086
7389
582
7299
3735
5343
8907
1316
7077
6848
7171
7135
704
3349
1426
7508
4930
7886
4828
1106
8662
7533
9097
2422
3043
8683
7084
1336
4659
4864
7380
8123
7789
4275
5561
770
7247
9898
5834
7072
1902
4851
6922
3840
9729
6414
8699
368
8523
2724
1113
4769
8239
7894
6354
5849
2127
563
3517
7958
547
4534
9197
5610
3475
2317
1206
9834
5508
2636
5728
7433
1595
4331
5578
4305
7078
9747
4270
9124
4119
8251
8486
785
1237
8024
7947
9069
7782
9719
5539
5946
3522
4440
7347
8817
6134
9969
4426
2415
6968
8349
2875
4578
4952
5456
1766
5872
5896
1109
3437
3762
1250
7608
1760
5545
2970
5756
9944
7902
7718
3935
9976
3487
779
3712
3307
5252
6516
9321
3119
3187
5411
2753
4140
8296
3927
3634
7703
9983
1620
7449
1994
5322
9463
5112
6420
5326
6637
8329
7368
3034
8367
280
3792
9087
1423
4832
7876
9095
7093
815
3780
1298
7412
4457
2309
9114
5824
1633
1495
6873
5211
8385
5823
9401
565
2427
4698
2206
9003
6247
6715
7094
3109
8665
360
5977
3047
8568
9415
1853
8530
8027
2919
6629
1347
1214
7765
4616
4408
4095
5720
2805
5625
7566
8058
2381
1346
5310
5111
7108
6851
6987
937
8740
4766
5911
8713
1660
4829
9125
8230
4793
9746
3983
9555
7472
963
7388
6228
4425
4624
9761
9906
8509
9769
5285
4590
9709
4979
8630
1668
821
2670
9596
7248
5053
3866
6943
3589
3728
9514
8359
6058
5173
1278
9662
3218
7336
4488
7490
452
3107
1839
6085
516
1130
2482
6503
8391
868
3700
7294
9194
3420
5678
1964
1409
9078
6944
7315
6816
9646
1876
2155
8189
4342
5743
2897
5161
6038
9626
1032
4743
5943
6124
796
8213
5197
7047
3285
8969
5402
5997
7381
2888
8524
8465
9299
377
717
7519
8203
9166
312
4045
8628
2596
1773
44
6632
4704
4814
8963
7331
3154
6462
3068
1391
3819
6318
6361
6846
2332
4500
6509
4808
9802
2934
3296
2296
2175
512
5553
3303
454
3506
5013
4085
8290
8505
9453
4718
8196
2906
2054
9141
3118
119
3813
1722
1559
1437
8956
6652
4163
6279
7362
8466
1934
9102
5791
4470
8741
4137
1779
866
4972
3188
8573
6608
3969
2058
7759
4338
6634
2364
6419
3155
1544
6532
6113
5788
4128
7944
5848
8926
3855
7504
216
4970
5170
5168
3842
3861
3715
3136
5708
437
7266
9503
9448
9432
606
7356
997
349
995
3097
4519
4172
3276
9779
8935
733
9903
4686
7391
9609
8687
3602
4475
8337
5431
9876
1574
4595
9259
2380
102
212
6621
8840
7968
7283
9772
470
7208
8207
4871
5294
3168
7328
3299
8487
8376
2648
2718
8633
1394
7034
3060
2785
5866
6059
2735
8656
2243
9835
6128
5279
8358
7971
27
9015
1305
8868
2819
3930
4443
104
4921
9948
7558
2147
609
3335
9733
2108
6283
139
5816
6609
6505
8209
8915
9528
3510
7732
191
5747
571
9014
2557
6954
333
1027
3230
6494
4088
9048
803
4146
2528
4920
850
6003
543
4917
9232
1048
8642
5829
9439
7969
2269
3894
8811
4826
4376
6925
6324
9783
6327
776
4894
3953
7716
6375
4254
1561
2331
9163
1685
8037
7635
6104
6101
338
3489
2034
7819
9660
3433
201
4220
8424
5920
2704
468
9151
8675
4433
8964
9695
8421
3945
6938
4502
1996
9590
1302
1215
9830
4098
9777
7714
1005
5716
1769
1054
1774
4901
2065
2537
3996
309
2775
8163
1304
2711
4453
4939
2876
6670
6650
7986
3761
4831
1107
4363
1246
2493
2997
4284
5843
8901
114
6802
1950
399
1079
1460
6002
8575
2443
5622
552
375
4533
8044
7311
9715
4790
1517
7350
6932
1998
8009
5237
2462
9021
2156
8198
9981
1841
3958
9670
124
9587
8976
9885
6755
6011
2834
4868
2486
827
3313
5408
9007
1012
697
8750
720
2365
6934
6805
3876
5143
8716
789
4279
4962
4380
8711
256
8145
8499
8904
7709
3319
3729
632
4329
8405
2887
4383
4757
1018
9760
4076
7618
549
4648
7614
57
9720
4222
2926
8541
8898
4317
2116
1479
130
5722
326
3896
660
5810
2680
7745
1767
39
4690
3251
255
5352
1155
2026
6560
4536
2829
5378
205
3455
1921
6864
3997
6616
4232
4889
8787
2954
4224
3586
1547
2343
2454
6422
6547
1812
1238
8056
4975
7268
4466
5236
8987
7263
4818
3361
1173
6651
5528
1089
9159
8743
341
7507
236
4722
9262
7226
2586
971
1701
2766
8015
5573
5472
6225
9855
1300
7612
2040
2028
4116
1906
6374
1974
1797
7430
8491
9237
101
7980
1557
5334
275
3011
6672
4749
297
7371
3031
1452
5767
9561
8395
6745
2634
6417
8259
6026
445
2428
9482
3904
5455
1119
5440
5363
165
629
7114
4575
1217
9582
5415
4607
5152
6821
1732
5868
4516
5797
8723
2691
7658
6930
5167
9501
6264
4775
7877
1059
1287
6405
4080
4293
1689
293
484
9310
279
545
2531
3714
2221
4572
2605
8289
9999
3956
1680
2951
3030
1520
4884
9627
1097
9984
8905
2916
8021
873
6832
8447
7697
8613
8188
7153
8692
2229
7609
3378
9878
7128
9156
4683
4989
6018
77
9960
4953
5206
3999
9943
6352
6649
5008
8518
2374
7111
2406
9277
7367
6513
2590
6986
8396
4153
7394
5482
9666
8202
7869
3690
2290
9595
6409
296
2099
2132
6219
3494
2463
630
9937
4454
3610
2209
5176
669
4010
7161
3162
7432
1028
8954
5256
6551
182
5933
1755
1657
9436
4932
2877
7378
2583
5857
3462
7360
4668
8
9886
7107
5916
18
7579
8889
7359
5389
2705
2114
3464
5328
7578
6814
7860
1979
4908
3071
2395
1751
5024
7282
6365
6584
9207
4971
6741
1021
5416
1498
9989
2536
6373
7019
2295
9601
9033
8459
3304
742
8843
3595
9610
2996
1748
3745
2737
7122
4555
3711
9654
7214
9455
5613
4211
5155
8922
933
1641
1682
6563
4113
7382
113
603
875
6702
8325
6140
1501
1051
9611
4165
1884
5458
4180
2621
429
9559
1973
2030
973
3219
7425
6259
8569
5101
5268
3291
2310
4186
4159
9915
9697
3880
6431
6294
3095
5955
8736
2371
6667
528
8479
6806
8446
551
5958
1597
9123
5621
9935
9261
5100
2733
9052
8748
9875
177
4600
1210
8302
1137
132
2474
4190
7239
6706
3635
7818
7570
4730
5650
7990
7165
3738
8676
3172
7452
5093
434
6718
8816
5953
1556
8458
5045
5932
711
557
808
9456
9418
8685
4121
588
4981
2025
3350
3037
1458
1593
8345
7288
4634
8891
8564
8645
4073
1076
5737
5632
8122
5264
7173
4655
4361
8709
7613
5815
1889
7219
4942
4283
2812
1614
7711
3417
1776
3507
3165
7744
5069
8772
1341
5012
5950
3289
1129
5517
4752
3505
9947
3777
5058
6639
3932
7323
6655
1430
2451
3553
9928
2672
2230
2500
1312
8967
3106
1742
9914
45
4856
4371
2179
3273
5725
6916
6379
8734
249
9763
5269
5620
8389
9374
1127
6529
4183
5420
9314
4731
1617
4006
357
7270
4741
9139
6136
3028
5937
9978
4620
8533
864
340
7822
3555
5662
2162
6869
1009
6269
6193
391
8478
141
4472
3343
3257
9305
541
3409
9117
1353
8175
7393
3854
4091
5967
3175
2239
2626
7901
5538
1939
9369
844
2077
5695
4402
2211
3315
9284
7583
5734
9000
4007
9723
4777
9573
162
8420
4036
7083
6979
5540
210
5949
7816
7075
9653
2635
9434
7241
1733
7598
3384
3142
9128
3839
521
3541
5800
6364
5047
158
7183
9664
7910
8379
9842
2778
9890
4879
8092
4531
611
6281
1045
9958
8997
4612
6635
2869
6895
188
4633
1663
8558
2765
3297
1510
5789
8180
6708
9549
3151
3659
5504
9470
845
7053
6835
1122
570
5813
4429
5748
9431
6216
6884
3770
5877
8610
2988
8356
5333
3723
681
5807
2226
3422
3903
1096
2143
2440
9952
9099
8803
10000
8169
1643
8597
9187
3661
9255
5658
4711
867
1986
8586
7962
2969
7043
6578
5394
4898
2600
7721
2494
893
3421
558
5113
8065
2161
8768
5088
4257
9734
2279
8480
5773
7720
3865
2453
5163
2579
75
9932
3980
1948
2513
8921
1150
8821
2546
1098
2358
2181
3194
5568
8477
8029
2344
3901
3339
6481
4074
2608
6308
2283
2613
6504
7777
1995
9911
7273
8538
4219
8410
7418
673
5156
6823
658
6573
5468
8073
9753
2158
7191
7162
3910
4537
9741
4676
1163
8361
1179
574
5814
3445
3399
3551
1866
8419
2904
6709
8829
8060
6836
5952
116
6524
751
7660
7582
9103
5317
9357
7500
498
3268
9001
6508
7230
8456
3242
4077
9605
5178
5221
6346
2890
2043
4515
5276
3201
3513
7320
9744
5329
6722
3392
1945
6717
7139
8809
7967
3625
9533
2589
1297
7499
986
7626
7144
4278
8602
9285
7553
8942
5037
1949
5367
9675
1634
5718
3573
6296
2755
3385
9727
2582
3223
328
7484
9403
6779
4860
6165
5067
5869
7485
3605
6051
6506
8698
6764
5287
8596
9040
592
369
9542
5323
6962
7184
4556
223
120
3837
1329
7728
9474
181
370
8018
2768
975
6845
4360
6280
3658
8794
5466
1937
5142
1710
1308
1286
5991
6676
168
2261
8936
5882
9961
6483
9247
7524
3418
6390
4585
966
2770
251
2553
9839
8893
295
4079
4707
2102
1399
1800
8155
2468
6048
2255
1474
323
8149
3994
8045
3099
2479
412
935
9013
4523
5356
378
898
6737
1153
5475
533
8210
616
4100
3620
1030
6879
321
6191
3448
1233
768
1534
4262
9721
2999
7883
2925
2491
7243
2777
3748
7448
1356
602
8504
4169
8217
9517
7991
1518
7587
8273
2591
6139
3725
4203
6120
9280
3182
725
3134
8845
6780
7771
8023
1740
2643
7401
6754
5812
3556
6526
2539
5336
9096
8232
1004
4096
9801
902
3514
7678
6774
7038
5654
1282
7640
8647
3548
3108
7060
6335
4047
4754
464
6908
6389
8101
2662
8764
1194
4744
6152
4239
642
4044
2838
8637
9728
793
3372
7002
3757
5174
5015
7859
4299
1364
1609
9393
7457
6000
7436
2183
8705
1396
166
2307
2319
2135
4635
6799
319
9632
7554
6852
2841
7447
6914
8577
5304
9157
2447
2300
1309
9350
3258
7497
2677
3135
3776
7036
2830
9190
6184
8566
7267
3848
637
2565
215
8098
5180
1514
3598
4019
2846
3540
5022
8166
8039
9996
8879
3442
7527
1058
9649
8621
2992
1670
3326
7458
2663
6273
9217
5801
6648
6661
3045
9962
1493
3247
5714
1080
6135
8281
8453
270
7092
5258
8903
6183
1392
3317
1299
3131
3944
9312
5855
5845
394
3438
5618
3280
8653
4148
668
2575
1449
4658
824
180
9824
7205
6403
1855
9038
8990
6694
3786
4716
1381
6663
1257
7390
4583
9602
6824
7963
5347
7938
2413
4272
812
3936
6220
3730
358
6555
3962
2199
2741
8042
5832
3967
3306
5048
6919
4951
4288
5770
4421
806
1756
9738
7023
7085
581
9107
688
7937
9283
4512
5293
8559
4866
84
5757
386
674
5549
7659
6878
8094
2835
4941
1221
7736
5768
1457
2923
5480
2947
1843
421
6993
4670
7332
159
7117
8291
2715
5892
3746
5302
5507
9381
2421
2222
2908
3092
1679
904
6592
4878
5257
8279
3963
8933
2604
1589
5116
7221
3574
2559
4963
5645
4820
3682
4955
1234
7029
2053
3737
7774
3758
5119
7372
8427
6177
7373
8827
6412
4552
8274
1144
460
9383
409
2097
4703
9557
5346
3158
7687
2637
1650
5519
3082
8994
6012
4643
6370
9447
2629
2186
2806
9851
9789
9888
8378
4966
2918
3387
6624
2987
1182
6053
1678
5888
2387
999
8837
9179
3883
9182
8235
4542
9496
4276
2277
735
5046
1015
1835
5569
4441
5418
4011
9877
8270
9461
1738
6209
2512
2205
9936
8525
9195
1185
4156
4507
3633
9826
626
9798
2083
2120
714
8965
1524
9622
676
2699
135
1851
5426
517
8103
8672
8763
3207
6867
5957
1924
6924
8906
6557
666
548
1039
5422
5401
1629
6876
6579
4588
6594
9210
9409
1189
7781
7494
3532
1803
2810
1726
661
7997
8985
1806
662
7586
3321
9234
2754
4355
5585
247
2639
6917
8252
7272
1146
3058
9175
2508
6144
4713
8112
3918
3186
4039
7387
2140
7621
3667
3472
4166
5283
1741
5057
9686
7830
618
3898
1349
672
3722
7317
7887
4449
9396
9508
9392
331
2892
2419
5098
3509
1673
6188
63
6050
7217
5144
5679
6103
9691
1759
7445
5781
5062
5826
7965
792
2384
6510
7234
3591
2655
712
2532
2348
5186
3549
7384
2530
8728
1046
1628
3133
6360
1451
9027
9652
418
1195
832
1842
7236
2481
1784
4242
2787
2113
8526
5366
2708
4070
5348
905
6454
1747
5895
9267
1360
9450
2021
1421
9204
1918
9811
2922
8119
4699
5775
4053
6185
1339
5314
7856
9339
1778
9368
9119
7924
2357
55
1729
4052
8570
5891
7137
7534
6729
3827
1442
6817
607
9796
4017
4506
2657
6568
2828
4016
6891
118
7324
5448
1925
4817
9148
9294
7377
8883
2090
8373
5886
2285
865
8599
9564
1554
5419
4358
4521
2863
3224
8765
4915
8250
6093
9661
9137
4861
2898
1281
6046
2180
798
2577
5525
5127
8262
3961
4788
9062
5354
8620
8925
2730
6157
6626
5393
7674
3955
1439
5954
4170
7512
2592
8336
4287
6485
2195
497
6297
9749
2511
5926
1736
572
4865
4420
3881
8848
2641
5594
731
7964
9329
1888
9334
8392
9023
4513
5474
8744
5586
5078
8078
7121
6859
8309
2118
1632
8951
9795
9008
5792
1053
7673
9055
7041
220
3624
3325
3196
2070
6963
6803
5383
5651
7206
3756
3744
1164
5444
1793
190
2438
2647
1140
9861
8838
7804
3173
9215
1570
4550
7392
6662
8153
4192
1913
2316
9548
6666
9248
6641
6060
6115
6492
7225
8338
5039
2944
7104
6215
5388
8071
6323
8429
7428
501
842
2473
3960
1448
9643
379
353
6590
465
4319
6595
5500
7429
6393
9170
1700
828
7515
1718
2458
8320
7265
4198
4264
8659
8780
2057
9239
1694
3579
8255
1572
6959
1513
998
2780
9406
4912
5818
6533
6310
1138
1608
8884
9488
7733
5471
493
2543
2046
7739
4110
8745
2756
5765
3474
3829
3439
6057
5385
4728
5999
651
3893
2658
7098
6230
4467
5425
9412
7136
5220
7893
260
1720
8412
1612
2910
8789
1317
6966
3606
6376
6854
62
9792
1226
8500
3608
3676
729
9361
8490
7319
3529
8284
7940
2761
291
8019
1530
76
2318
2825
7426
2763
819
440
7064
7366
8003
3718
7015
6983
2804
7450
8725
8223
5919
1696
8588
1893
4068
5944
8156
7358
4603
8532
5244
4340
8697
3587
8679
9235
7834
7797
9998
7619
9468
8247
7761
3674
2270
1485
4973
6542
1649
264
8181
6401
5187
841
5207
224
4092
209
2182
9807
6036
6868
5929
3217
2166
5742
682
1143
6773
1192
8365
2045
7291
6660
7008
2900
9848
1929
444
2905
4029
901
947
5301
2268
4625
8612
686
4529
4479
8454
9992
3923
7469
4268
9065
4245
1610
7498
6384
694
9785
3443
313
2031
927
6064
4083
4998
6844
7981
2375
8497
4823
7999
2571
7237
8409
7787
6552
9056
9311
3497
6427
5779
9931
1075
2920
4806
4176
6952
9060
1667
9982
5020
2276
423
4018
7560
6677
9567
254
5862
9485
5360
7451
9970
8664
7941
202
5518
4928
6559
2560
2111
7945
8939
2470
8489
5014
7851
2681
4059
3693
3721
724
7928
6006
708
6451
4150
1242
2726
2709
5459
6894
4164
7443
3104
9476
6758
5805
9912
5441
9593
3214
2946
8535
9535
7891
1894
6241
322
9149
4307
7881
3394
233
6040
9036
1232
4660
1161
7950
1656
6090
4107
3403
5806
4662
122
8894
4300
4339
355
5703
3831
2820
2790
5656
1131
4126
5971
3508
6351
8301
2732
5154
9362
7559
7462
3841
9698
9387
1303
503
4839
5297
7691
6010
988
1601
8629
8171
7861
6210
6683
2274
5405
1872
7620
4066
3123
4995
3619
3951
2523
471
3743
6883
9196
6146
1664
7453
3768
4649
8635
7542
7105
7653
2502
569
299
4546
7642
6598
8684
1413
2134
3020
8520
324
1218
6353
6866
5738
2088
6088
667
7314
5994
6597
3149
1539
7729
1095
4528
9808
4225
3419
339
6328
961
6830
7465
3477
9682
2665
5261
430
8872
8677
9739
6781
2246
9576
2965
4394
6202
797
9810
6229
4499
1999
1798
7850
8737
1653
5771
5596
10
5780
70
9939
8560
8245
2720
8053
4811
8886
5473
2109
3
7853
3493
2935
8578
380
5548
3752
4261
5184
8006
4393
4209
2012
6332
1025
6149
3478
8197
6841
316
8451
7147
4925
8362
5240
5095
2850
8996
4149
6857
6288
6044
1817
3076
1970
1765
1838
3456
9041
8215
389
8266
6024
9925
9220
8749
4216
701
8285
3003
9863
9400
4387
2170
9951
9208
6627
3250
6070
7899
5827
244
8641
5947
5341
3754
9820
4779
4416
8561
4784
8304
9303
7698
7862
3010
6747
5741
3008
6600
3432
2963
8614
1686
9787
955
3358
7973
5934
2700
4825
7897
366
9330
2370
3499
6421
1276
5751
4805
784
7857
9484
5906
5040
3078
6953
3814
7431
2933
4727
17
8770
6039
2354
8773
931
7723
4880
1541
1383
404
7946
3607
2504
9144
1363
3074
936
5028
5213
9035
6125
5145
4554
4905
6826
855
9421
4157
4597
6815
7414
3351
6871
5945
1358
8218
4729
9111
5496
736
4883
5023
7513
3264
2567
2469
1318
6761
1231
8529
3265
3772
2338
1126
7186
3019
9945
7407
2361
3278
9860
1434
4341
760
1665
6539
1211
8808
1560
7459
9678
1057
7984
8968
8387
2178
2975
5698
3771
2410
6981
5509
6818
6896
5263
6607
5374
4295
795
5199
4005
2497
8233
6302
2792
2124
8944
6689
4236
752
7528
9614
7942
1930
3105
1935
1220
1484
7922
8801
5123
5552
2953
3213
5755
3885
9464
3323
3263
300
8031
8813
753
7951
2791
9167
1903
7386
7854
3689
6900
2048
8948
652
5430
7803
3044
9894
9358
2584
4012
6785
5973
1112
2293
7258
4072
9
638
7289
8016
4471
5536
6982
3381
3017
3049
8109
8162
2881
3086
3835
1306
2217
6464
8088
3524
6175
157
8444
374
6301
9113
5073
5375
5990
7550
8779
9380
5066
7693
7706
2292
5696
6107
5409
3164
1898
7409
3789
6084
2618
1825
8806
7552
6991
3914
4847
8433
4309
2432
447
6757
7001
9688
9198
3395
6933
1969
1568
2342
1283
7972
9004
3479
1494
1200
9489
443
9348
4404
7174
3209
7603
5104
414
6028
4419
2157
3312
3380
9706
6447
3231
705
4401
3811
7477
8732
5463
4108
3741
6246
985
1254
2232
8117
3826
8152
5153
8867
1962
2106
6724
5074
4778
2036
4827
7417
6791
604
5320
1065
2540
4753
3221
227
6901
4794
3054
2089
7977
2388
4667
9171
9799
615
7530
8556
7648
36
7126
9591
1024
3564
5642
1891
2903
5983
8669
4804
2688
880
3126
7188
8457
1461
7932
5529
2599
5838
2602
3882
1928
942
6474
1335
3905
9985
2879
6159
9629
6276
6476
7540
3052
3726
4961
7312
1753
2872
2860
8562
1332
8059
2168
7623
5259
8974
917
5914
6315
9884
7398
8992
621
8280
1801
3985
1546
8878
2087
9478
2644
2241
371
1471
4622
6692
1260
5443
7478
3234
4993
4448
906
6091
5599
3939
7259
467
3790
4983
1863
1105
690
9077
1916
4410
2633
7630
2273
4900
5267
2798
1026
6630
6620
5924
4117
6727
6168
7483
8370
4208
4255
5361
3055
9941
6577
3337
7342
1525
1658
5016
911
6394
8146
4627
199
1890
4489
2752
5085
22
4308
8783
773
4189
6392
4809
2391
8316
5018
7564
8315
1958
4586
1737
8632
514
7120
9034
4228
6501
4127
4241
2101
8344
3059
976
3773
1849
5410
5683
5238
897
7581
7601
7666
4009
3341
419
4799
4734
6258
2799
9429
1662
2228
2403
6937
3683
2703
4933
8514
6935
3248
2478
8172
4862
659
9452
1551
9192
3822
7961
9202
8720
3611
5842
9708
1267
9416
8721
5646
2149
226
1470
213
4700
6300
1868
732
9043
4770
8991
7353
9497
9209
964
9840
3056
2029
9268
6831
9082
1063
8769
2315
4436
8836
6021
3113
8219
8467
4719
8038
8148
5435
5392
2936
954
9044
487
8116
587
6065
8204
1558
715
9183
6606
4015
6449
7416
3333
1285
7252
9580
4510
7277
4629
5847
5837
2697
9685
8418
5890
8406
8076
9562
7676
4787
6810
5970
8102
359
3691
3710
9399
8046
4964
1073
6734
5141
2714
6068
2397
9592
4223
9073
3283
3817
8401
3521
1959
2679
9424
2671
4689
6221
8608
9815
6646
8140
1248
6582
9233
7543
1878
6102
6463
2747
7255
3398
8097
334
6522
9138
1371
6174
5030
9345
6647
5266
2826
5681
9296
5938
6772
3461
9379
6786
2995
8730
4771
2857
7786
2485
7179
1511
5633
8267
6847
3907
8415
1677
7970
4994
3279
9442
7567
3294
2945
6840
8761
4691
1714
6156
315
6678
2278
5626
1241
656
6839
5075
7849
891
1552
2272
5666
1222
1820
4289
8674
896
8128
9405
6311
8238
3872
2265
2011
7742
7511
6950
2104
5745
6479
8842
4954
7793
9546
4412
8134
6226
655
5863
8910
1310
3812
2725
7622
8272
1115
2117
8139
9419
6082
3631
1406
6997
3342
304
1543
4327
4069
8118
7735
7675
9264
7049
3581
6633
538
385
1846
6161
5041
700
3671
8432
8702
1709
5761
799
5930
146
1618
4742
9355
3501
4351
3161
5432
8982
149
1268
7231
3803
265
1808
1266
2286
4789
2650
3434
1688
4252
1014
6515
6984
1070
4840
4024
6381
5956
9726
9554
6078
8066
4496
9017
3665
1091
6601
1322
4517
5059
3778
4112
8416
73
6119
6368
6087
4896
4123
4553
1978
3345
6812
4807
9673
7364
4001
7647
2191
284
474
3779
7809
7996
6875
628
9963
1176
1954
6770
2852
5740
5731
5969
4102
4957
7152
3412
4601
2907
2003
7274
393
7700
148
7456
6442
5365
9106
7824
6304
3601
4372
3990
6536
1447
8310
3933
8574
7006
2938
4028
8543
4451
231
9892
6362
6204
2218
7880
1243
2233
6263
4792
2623
8093
1919
2060
1845
6133
8875
5903
9505
7058
6856
1198
7481
5036
8760
3355
8604
6020
1875
6404
1264
4269
7119
3215
5204
5711
4888
4567
5442
3330
6298
3121
6886
4570
1149
1100
9413
4926
9603
5673
2736
8896
5682
1110
1966
9046
1807
8436
6726
5424
483
807
2085
6439
4064
3847
5108
5915
2774
4417
4133
1503
564
4652
3938
4876
7148
2524
2287
1258
4349
919
6740
6657
8047
6744
3153
7914
3871
6277
3504
7918
8244
2330
6274
4538
7806
8517
5005
791
7708
8081
7520
3038
1135
9189
1654
2013
7645
5245
5692
5002
8802
5370
728
4215
6453
5289
78
8655
6181
5887
3686
6284
7680
5572
7814
9858
1456
3636
1942
1580
7866
5134
7632
8321
6631
6996
6973
5216
5177
6217
1938
6129
3373
9667
9742
7338
5616
8307
365
3449
3101
16
1038
5125
5228
2105
401
3197
2176
1477
649
9263
2576
5591
9176
1446
3806
6121
9313
2032
8550
4745
675
7322
1172
879
5386
6593
6599
816
4118
3169
6739
713
1716
8268
1235
2781
3663
5935
420
9236
4114
4810
5746
232
6688
6432
3371
8584
634
4296
3144
3519
1822
3042
7463
1832
887
3451
2985
4473
2146
680
5798
5505
4869
7762
170
1415
7794
4630
7204
5096
4097
636
2609
3454
6400
3766
9258
2082
6080
6617
92
2138
8450
5839
610
1854
5593
4413
2518
4739
8860
7758
5925
6203
9874
6710
9954
1563
9091
3948
7300
5464
1746
3032
3005
9972
2165
8293
6330
40
9444
1476
7086
6275
51
218
7089
21
8069
9480
2408
7840
9599
482
3368
3546
7790
840
8417
761
6380
4564
695
3244
9475
3274
7656
8020
2306
7637
2289
2814
3129
6788
9967
7164
3533
6207
9273
4946
5927
7050
7316
7474
7125
7343
408
8897
2359
8350
9251
105
9683
1836
614
3246
2692
6342
888
8484
5510
9178
9063
5489
518
9515
5520
6008
4756
4171
6326
758
1377
4391
781
5822
4599
5196
4609
1123
4145
3800
6882
1468
4867
5107
1034
5850
8236
9100
3181
4322
8311
5556
59
6312
3492
6150
3888
9336
6047
4237
9849
9756
9366
143
9577
7460
5732
3220
3660
9243
5274
7308
3852
2859
3227
5516
991
5988
422
8286
7329
9222
2152
4235
6446
5224
605
7523
9316
2294
9883
4617
219
5299
8640
1259
9994
9710
3208
3040
4914
2843
5131
7845
6233
425
1344
8914
9711
5795
478
8979
1647
7466
9518
5874
1223
1640
5227
4980
2959
2224
3867
1351
2052
3833
952
8722
6438
8132
8346
3254
272
1652
4677
1043
3820
6408
1041
2664
4976
1375
857
9672
2346
5750
87
2696
9538
3749
566
4610
5503
372
456
6262
1901
851
8791
7197
4619
892
9759
4292
2627
6730
2301
7644
3793
2326
8108
7783
3685
4580
6108
9438
268
1623
3609
5992
7987
426
2185
9057
2489
7000
2208
8473
2423
3672
2198
5357
3293
1985
1225
4991
4613
2519
2242
2880
9617
2601
5003
8625
4774
5306
7843
1060
3243
7495
1367
4593
9081
863
4423
492
8375
4234
2977
2009
196
9899
7227
4154
5327
1847
9472
4415
4049
4081
9291
5600
7548
3678
3950
4666
6190
8164
743
8240
9186
1350
3646
4445
3051
8408
9583
2716
1324
7403
4931
2706
524
5617
6208
2676
9098
960
1159
7187
1201
5359
9260
9927
9615
7823
7081
6572
5195
6994
3775
183
7203
3783
5928
2084
4680
5010
962
8292
567
2911
2340
5092
9275
2684
4450
433
9907
4723
4142
2606
5026
983
4855
7702
8831
5460
4907
2072
3093
3959
1417
2039
1615
9957
2667
6075
4437
6205
5465
5407
2190
4637
8636
5931
8603
1739
4105
932
9011
4320
7800
6206
3431
5226
4312
7628
6249
6910
8828
9639
3537
723
2713
7262
2929
5118
9637
3844
8368
8847
8494
352
4041
7882
9630
5590
1002
8815
5021
953
6470
4359
4664
1920
1661
1111
6182
8531
6768
267
5817
1325
160
6923
3000
8334
5530
601
7235
9360
3869
9584
2751
2694
7629
2750
8751
1582
6643
6625
9539
7
30
4057
9604
9872
2943
7240
1502
2006
8041
4084
5965
6486
8693
6303
1445
7434
4435
2464
4684
4621
9408
594
3310
2815
469
834
3171
8254
3566
7661
9389
8727
8328
608
6681
2564
8534
1909
6045
3943
9136
403
4382
3941
2335
7957
1132
4256
5379
5380
9971
7865
2103
4381
3232
3465
6705
1882
9918
9325
599
5677
7167
1010
5300
2867
1090
7307
115
3884
2865
4636
1519
8908
5803
7892
5307
8618
7090
2010
3081
6305
6340
8594
8911
9718
3267
1454
8425
4800
2400
858
2069
3390
8150
6218
4735
3073
982
7011
6428
7833
5209
6493
2151
3709
373
1006
600
9570
8173
8557
8958
222
2234
9333
8978
7044
4210
1758
5072
5321
5936
3160
6261
4333
9490
3687
6853
9212
5766
2225
2818
4267
2337
889
4332
994
2160
9328
4249
3327
7978
584
8932
2460
2245
3357
4354
7327
1134
5331
7607
8481
3014
2822
6972
140
6271
5638
3150
2004
4565
2373
8179
3641
3815
9991
4468
9620
8508
6049
4526
687
6669
895
4367
7873
8354
2516
499
6223
837
5319
7066
1326
7195
271
491
9318
8013
7149
7754
4373
5865
2445
2091
5619
3083
7473
6458
1455
4501
1311
3192
6429
453
2418
8428
3679
7424
6436
1280
1941
5754
9558
7766
788
9249
6951
650
800
1251
8989
1352
8434
1389
6138
3588
8035
29
5604
3001
9659
9732
6416
2446
9411
7256
7113
3719
5461
350
5989
9454
7727
6212
9687
2177
1212
6658
2192
7468
1357
7573
6955
6865
9896
2701
1177
7335
2267
9893
3642
6153
7124
691
7889
1074
4030
8040
4193
7839
4043
290
2789
8940
2986
2842
3446
8005
7532
5558
5786
5705
4535
5598
5864
692
3736
1158
4303
457
9019
3919
4893
8332
7493
8866
4949
8970
7024
7835
4125
7087
6410
6596
6441
2927
6562
9104
4263
9959
8931
1288
3604
3322
8330
5905
9410
5364
2349
2914
9108
3732
8399
8001
4863
9404
2215
5051
8971
2551
2000
6990
392
3216
886
1466
3765
1395
1512
7040
4796
2955
3079
2062
8563
9185
6558
6027
1531
754
3235
4577
6765
6477
8775
4259
6227
7695
5308
2125
4647
5192
1886
106
5587
67
631
477
9083
8079
9076
5120
6794
6033
1401
7339
6762
8194
3774
6013
3753
1540
3858
8352
5629
4969
2748
5052
4487
9002
5579
8686
230
7419
957
9910
852
2517
356
307
7194
5879
8895
9499
946
6452
3098
5282
6433
5089
1789
7295
4062
6069
2710
9435
5884
1224
2328
856
9039
1380
9921
8298
2145
6945
3386
7210
3202
2396
9437
3971
3978
7669
9352
4199
590
8377
5477
5998
2476
6062
8733
346
6325
6800
485
5097
1594
3004
1171
8246
7741
4678
925
4291
6613
9730
6344
1116
6947
9922
9018
1133
475
6828
2958
3801
6137
8576
900
7549
9908
4158
8036
5342
3623
4386
8601
208
7369
2115
6564
9495
8100
4906
823
7585
4201
941
8830
6713
3383
5524
6043
7160
2767
7406
8708
7051
530
7352
1229
8342
6948
2931
3139
6849
6176
2848
8271
33
3925
8096
1646
5534
9775
4397
7170
9556
9572
1805
1321
780
4520
9341
6553
6927
7995
6837
5883
7805
9231
8253
8742
167
1213
9901
8980
6448
9608
5657
8182
6015
5061
5547
3176
4848
5901
1532
8700
4661
1731
5070
4786
5589
5377
5087
1988
5433
5723
9449
2305
3536
3626
6640
9534
2005
8519
9979
8426
5372
1184
3617
4712
107
2624
4377
6995
1151
6892
9254
88
3759
4640
3810
9663
6797
3329
1334
9225
2244
3469
7198
9973
7667
3406
8343
5675
7348
3612
5774
8007
7039
3889
7115
7915
2051
3366
3290
9479
7545
4984
8057
6861
1972
6753
9430
9541
1208
4253
1007
131
929
2622
4763
1431
2150
7810
7827
5063
7646
9302
7374
3352
5790
6885
1093
4605
2022
7934
2480
5476
8542
716
2437
7228
4547
1775
6282
1565
2638
9676
6322
4002
9477
6793
4696
6118
5794
1412
2651
2615
8587
2314
8703
6958
8746
8050
3785
278
3114
7357
4139
7103
505
4824
4591
461
1596
6173
877
3459
74
555
7907
6527
8275
4067
1313
3423
7363
2260
1588
967
305
4837
4618
4608
7091
7518
4424
5246
6468
8435
9509
7885
5169
2441
1141
5597
112
9536
1749
7595
4724
3632
6123
6907
7916
3804
5996
3365
7953
7003
7172
7106
2417
4155
627
6257
1472
7220
4281
9889
4131
2356
8200
5234
9510
7627
7719
811
7690
302
9338
9382
9181
924
2928
7633
1637
625
5809
4604
6570
5231
8030
8104
9349
4797
4104
1416
6079
1873
934
126
9507
8682
5128
9337
5841
5820
3970
3618
5446
5497
5077
9740
9422
1467
7874
809
9241
7841
109
3742
7492
3782
7200
9388
9841
8403
9689
2853
854
8572
2188
7696
4348
3159
2693
3077
8300
7772
4111
4238
9712
303
8995
9920
4168
2506
8142
4644
6457
3018
80
1675
9859
7906
495
6541
8390
1777
6902
8804
8485
2552
4641
1480
3972
6523
7365
3908
2014
5684
9320
7537
9690
5203
6054
9290
8033
4061
648
6974
526
2061
4557
3252
4695
3834
7169
956
2555
4286
2214
1044
3724
245
4615
3084
5006
9588
1961
5050
2501
5544
3222
242
9469
1993
5802
3211
6299
3259
9532
6978
2893
6242
4563
1780
8249
7269
5670
308
238
7116
8095
6285
7157
7178
2456
7455
4187
8885
9223
4872
4702
6126
870
3170
4396
2793
9427
6192
8308
1671
1602
8959
9805
8826
6355
4455
4406
1770
509
9751
5133
1971
6811
8317
228
2461
5312
128
7638
1691
918
6145
9462
6469
8184
53
2776
653
1103
5615
2339
2363
7776
8805
314
7616
2902
2538
6260
3066
5951
2744
7437
6668
3657
8694
7778
6988
1869
7376
9988
6521
3940
8411
4364
8756
100
1438
4221
9089
4988
3120
9750
1910
2821
7286
8442
3557
8482
9819
3233
6967
6056
6424
1160
5381
1465
4184
229
6055
5514
6656
117
8193
3260
8010
2788
2144
2731
7155
7908
8549
9669
7250
2646
9161
3064
8492
8841
8340
4233
5214
3947
273
9636
595
9525
9045
6589
1481
8191
1879
1693
4099
5355
7836
6142
4418
2630
568
3147
6317
9594
1818
7712
6763
5315
746
5054
2345
4539
4352
7129
7538
1370
1230
9764
5793
3212
172
1931
6752
8462
3900
3976
4356
4427
9856
6270
510
6820
6110
4460
859
5908
3853
194
4525
8651
7802
1270
5702
7123
3851
9831
9868
9644
2139
2495
4903
413
9902
7846
5309
3298
2952
8648
4822
3989
2503
3639
2123
909
5630
1752
6746
3482
3470
6877
4934
6807
9009
3843
6199
3863
974
7082
2525
6109
3559
2016
1169
8795
4250
5830
5076
6574
3238
3562
9846
1713
1056
3886
9327
3830
8832
2871
4875
7681
9585
3912
6245
2783
2207
7028
5551
9864
1936
8619
2240
3198
6154
7435
6720
8000
8054
438
5542
7471
3146
522
7399
4311
9050
8333
3666
3466
8137
49
5760
9203
8706
7785
2159
709
8265
2376
330
4524
9579
861
407
2334
3788
7042
6787
1167
5889
1865
6809
7415
6719
965
5094
992
4040
9242
6549
8818
9656
1295
2813
7318
2401
622
6395
8326
1914
839
9024
4738
4522
3870
1542
4857
3085
2616
5290
8443
5627
4497
7101
3946
7773
2067
1368
9473
4685
1743
6700
5851
2994
7298
3594
6684
7624
3148
9776
2507
390
8080
9306
2522
6665
2585
6019
9621
4277
2796
1915
1262
1385
9933
7016
5009
4273
586
738
3096
6939
5964
8673
6369
4726
9331
1783
5852
5686
4247
5225
1348
9832
8242
1008
8856
1573
7879
4783
5825
7815
5491
6915
4093
2809
945
5873
9205
6834
1648
1253
5680
1642
7427
782
7541
1362
4765
1904
7605
4885
3763
9364
1114
693
8981
2894
4833
9553
9879
4004
8393
4895
1049
4870
2390
1355
544
4478
1991
4801
4323
5490
4561
2845
8536
4560
7677
2654
5962
848
5358
8900
9398
1980
7302
7590
5980
6659
2304
1763
2256
7562
8386
6418
3797
4693
9344
1023
2073
198
9457
2037
7501
6251
4725
2148
9180
1067
5492
9116
4229
9713
2223
424
428
7254
9838
1099
3649
3405
5105
1506
8590
3410
5752
1118
2940
4493
7159
2038
2121
1922
6385
9274
15
5493
3156
1792
463
258
1955
775
7905
8294
4938
9037
6244
4656
5316
5103
6491
3643
3229
1697
5129
4258
7576
35
97
9238
415
4065
8839
9359
4384
2424
3347
9668
52
8882
9025
4498
6250
6825
9520
8061
2063
546
8778
5189
8381
1963
6306
7118
2930
8070
5229
7900
3650
8341
3571
7631
6081
8858
2851
3286
9631
2235
9853
6697
1791
161
9881
3578
6682
5546
178
9265
8506
9823
1795
8357
6180
9578
805
4101
5706
7355
3256
9058
939
1621
347
849
5582
3859
2407
9782
2984
4345
7033
9158
7297
6098
436
7005
2990
9924
7145
4231
5592
2329
121
1227
4959
7341
2611
7037
4260
8082
6243
6638
5330
3111
1082
1960
2436
6231
3924
3892
8008
175
5281
940
7817
8844
500
5512
2950
9987
6466
5671
1883
4035
4197
4566
8691
86
3515
6132
928
3697
981
8260
7193
4675
7821
8161
3237
3544
1581
4321
7079
6736
7132
5844
8064
3653
4411
3152
7743
61
490
5434
969
3416
2055
211
3070
237
1499
2801
4663
6690
1802
9768
9581
843
7713
5303
3376
6255
7467
4819
7929
6309
3684
1066
448
3668
8185
473
4129
417
623
7249
7737
9516
3413
8212
6287
9049
9354
441
3520
7551
9016
6992
3436
9699
3348
6850
4134
8888
2884
332
767
4750
8384
1420
3166
2942
762
3523
1139
4486
9053
9120
7641
4721
4960
5469
3890
7686
3305
5218
5987
4944
908
8670
2864
6842
620
9286
8912
2866
1203
2979
1414
7760
9965
9221
2086
640
6965
5122
972
7960
3534
2723
5217
3616
7604
3874
9568
3957
5090
6337
7189
481
1947
8159
7224
580
5019
4573
6928
8961
6359
1101
7383
6767
6435
3048
1577
8422
2837
489
4200
7808
4365
125
9926
1772
4904
878
1912
9012
6905
7013
6567
2544
2939
7509
5974
1515
8595
6546
9993
913
4849
2129
7584
2689
1052
5535
5150
2653
2831
8305
5481
8089
5871
9696
8177
5693
6253
5522
7261
7848
2527
8147
8938
3203
6378
5729
3393
2550
2625
8790
8318
50
3696
4581
8503
9304
335
2336
3717
7985
2593
8136
4761
1782
6
506
7574
6178
990
3964
4034
4540
8440
4037
2686
3284
7420
137
1366
9376
1170
8960
8747
8583
480
910
1698
6926
8211
2325
6733
2573
1655
5181
2855
2674
6674
8798
5243
7568
262
9574
8414
9483
2193
2840
4244
817
6604
2369
1469
8724
6714
2247
5661
343
5035
5457
6052
476
8471
890
9191
1569
7095
5494
6331
9677
3007
665
8510
9560
4464
8735
7510
261
151
7557
2885
2169
6222
5242
6398
4330
7724
4162
2299
5909
8865
7027
8105
710
5452
2991
8626
5923
7396
5337
8216
6278
6484
9543
1829
9829
9092
4923
5611
3895
8528
7930
3864
7440
2472
8151
4614
4821
1408
2382
3138
1427
4390
8099
6940
9647
5922
8323
239
6742
6445
1864
7884
3518
1271
8986
4378
9257
2487
344
9953
5291
8752
3249
5717
1432
3968
4151
9292
3024
3838
6440
8592
6941
8413
7992
7344
7726
2566
6889
2449
7738
2321
9693
529
8476
7979
2568
9790
2203
2746
7966
427
1788
6790
7271
3596
9837
4887
1488
1064
7683
3979
3130
8075
4177
2614
7844
993
1578
8658
8168
6334
8072
5260
6783
2967
3180
318
2587
3441
1429
7310
14
7017
6514
9276
2594
2510
2895
7276
7202
46
1796
3440
5499
4022
388
5038
3115
5570
5674
193
9745
9340
7921
6769
3300
3490
1255
6591
5109
3669
958
9597
2459
4705
5603
9716
5056
7725
4403
3382
3751
4543
9375
1277
3226
8941
826
9623
7596
6653
3275
1289
8106
6461
9059
508
9942
7989
5182
553
2466
7305
4147
442
6929
2722
7747
54
431
2320
5412
6519
9135
7796
23
2252
9607
3585
8554
6623
698
1699
5060
6827
6528
4665
9523
968
3931
2548
24
1187
2854
2794
225
5576
9451
984
1548
4014
7281
488
2075
4430
5362
1859
787
9565
7852
1190
4089
5082
2477
5758
9371
6148
2402
2862
416
3675
1828
9527
6358
9774
1651
1292
5636
5000
5984
9173
7175
9880
755
3563
9891
1976
2666
6614
7769
8767
8738
3061
8977
3655
7571
8214
7303
9743
7611
2430
6716
4337
8919
5647
4598
95
948
4136
2802
1932
2080
1244
1108
6537
7233
9270
8495
8731
6977
7556
8269
1186
2619
1390
2610
5146
2740
7594
6612
5783
3311
3528
532
5612
9172
1997
3824
6798
200
7864
6423
6350
8729
3949
1957
9293
7278
6151
5
6628
1378
3860
4227
874
4759
8400
2018
970
5102
1247
3568
5165
8822
764
3125
4579
1500
4758
8186
7313
7943
7547
7688
5867
4764
25
6475
3117
8616
5488
7354
598
4669
4246
1528
4173
1757
9852
8087
8553
5532
9526
5395
2313
9297
4514
9295
451
439
8295
4947
2712
8611
5099
7710
7110
3577
7982
9105
7349
4013
9346
679
3089
9519
2122
5858
2064
9833
3480
455
398
3760
5563
8781
3295
1388
2659
9900
5759
2782
9818
737
1178
2839
3072
103
2868
869
7215
7482
3430
8863
9278
7142
6860
8297
741
8892
677
4060
7575
1475
9160
176
560
133
1354
9871
3982
6076
5583
4314
9909
3916
3062
744
3599
4206
8160
7475
5981
1627
5606
3781
9929
5690
7441
5836
5562
8993
7751
5854
6407
1606
8759
1369
71
6863
2569
2059
3651
4813
8382
2612
189
2891
4008
9005
8144
8609
5985
9132
6382
9493
4082
7933
276
2561
1616
5445
8366
2333
4532
8501
7535
5121
3460
4432
5701
6345
9537
4780
2811
5541
3281
3236
7784
2164
3993
8449
4141
9022
6473
7926
1397
7654
8521
5371
7923
3692
108
2817
4830
9288
1690
4657
1343
8726
31
8689
3157
3875
9598
1625
4717
6535
4672
2912
8548
7059
8929
411
6796
4504
6187
534
2886
9266
1917
2972
3063
2112
1440
3090
3902
6411
2844
1492
3627
8154
4087
6735
3879
7334
9651
5979
3552
1676
1967
4747
432
884
2786
4400
7213
310
8962
9080
3425
2901
6314
9540
1216
4336
1078
5115
7927
250
1562
2194
8306
2288
3670
9784
8680
1398
801
4185
3495
8800
136
2379
1175
9152
7671
4772
1607
7920
3857
1269
554
7514
6189
1860
1900
9006
9552
9300
1428
9765
6415
3404
5376
6918
1236
9873
306
5453
4736
7052
727
7662
2096
943
6025
6583
1319
2126
772
7588
3102
2656
9068
5584
3808
6292
6089
3491
3191
2721
5526
9042
9575
6732
1706
3796
435
1816
3739
2409
7212
8555
7306
8719
1826
8303
3856
6581
1491
2803
9256
8017
8068
7337
6256
1571
576
6095
8810
3561
9356
860
8782
2949
2883
5968
639
8195
1301
3862
1154
1296
7526
5280
9522
5663
1724
8606
7502
8953
479
4589
2509
7405
4447
4357
1509
3016
9323
3849
7131
5007
3535
2968
7939
2661
1725
1639
9020
7177
2024
217
8049
7404
5976
1734
7014
6898
1228
977
9279
8110
2350
2771
2136
6117
4490
363
2015
91
6083
6169
8862
765
4940
7757
8170
354
4130
83
2982
4000
8758
1850
6031
8369
9425
3629
9353
3391
2392
2405
1592
6237
4892
4706
5247
2617
9308
6695
1320
1404
9950
4929
2078
6701
1630
2171
9272
2220
3488
4240
4505
1361
8873
1600
4781
3600
3336
9067
203
8226
13
7715
8522
7589
7670
1786
3695
8287
8644
7949
5011
1379
266
3986
4375
2212
1708
9030
1984
2545
748
2675
1527
3204
749
1068
7461
7838
8090
4518
329
1858
98
257
1591
1781
3981
4325
1081
2236
8861
6074
4584
8234
1315
1462
1762
1017
7290
1411
2760
3174
2303
9324
8319
8762
3013
3603
8167
6482
3704
9640
6329
6858
5479
2366
2216
2858
3798
2452
1598
9252
9373
1712
4844
8228
1120
8824
759
5564
3928
1275
1870
4549
8661
7444
3952
2284
5437
37
2137
2448
9844
9253
4996
8261
8593
1681
4768
9201
3584
2298
813
6232
9917
4428
3526
8190
6224
5631
9085
1337
6975
7935
1022
5676
6920
6942
7685
8952
2355
5270
2932
5588
1265
1444
9317
7421
4990
6931
7767
4642
6478
7983
7820
4271
3346
6406
1102
3878
8660
3088
2993
2383
3200
7304
3545
8966
8496
8121
7871
7896
8383
2588
5417
2808
1711
2231
1896
7246
6402
912
2237
9214
4626
6586
1274
8183
9648
4334
4836
7917
515
2758
8227
3002
3053
4124
9402
4982
9975
7216
292
5904
9773
6673
3984
1926
9010
9498
5513
8237
8851
5292
6339
8107
4335
2425
4120
8353
1526
1087
8055
747
4021
7321
9026
5902
1584
9441
5413
6502
3262
5205
5470
185
4191
1473
7813
7993
949
5763
6236
3370
8455
8258
3575
3807
4594
298
6960
4463
8327
8771
2368
3614
1489
3921
5900
6111
7182
4890
4298
4409
7692
4751
1892
6106
7657
6890
7779
5233
7651
8634
922
214
1450
4188
9168
3318
4997
382
8638
6671
5940
2529
2797
277
5804
1535
1071
1436
702
6016
3414
7245
3124
5502
6099
1425
2066
9064
3012
9199
6495
8131
3282
9762
7872
5447
6498
2184
2426
3991
6399
537
4913
4530
7826
4737
9342
2682
3036
4503
4776
9047
5628
6911
9566
7496
7679
9638
207
4207
6756
5384
5655
5575
9129
9433
6696
9084
6605
8975
3965
4285
5397
9780
8313
3597
730
1848
1804
9865
9550
6127
5400
9845
5272
8881
6179
1537
3825
9378
903
7913
1219
2856
9956
9459
6265
5835
876
9980
9110
269
7063
9997
134
2372
2683
1290
2389
1940
7141
2917
9619
3140
7487
5959
8920
2823
4910
1834
1183
7070
8355
6725
9758
8256
4251
9816
4407
1830
7211
8263
58
150
9271
2743
7768
174
9322
7166
311
187
5707
2685
5193
5081
2738
7798
3167
664
4845
8788
3127
4370
8474
2202
3755
5709
1124
4217
8696
3713
5739
2475
3344
703
6289
5978
9825
7442
6703
5785
3112
8902
7411
9335
7895
8820
1033
7209
1402
2253
5659
885
90
9692
152
6063
1205
8870
2909
3850
2580
5324
7138
4853
1844
6782
3554
3241
7207
9326
2259
2896
5250
9101
3103
6320
2807
882
2130
6691
7811
3877
1811
3316
7655
3638
783
1147
288
6450
520
2308
7689
5462
6164
2049
822
2398
7569
2515
6721
8002
9240
4042
6267
3428
7397
617
4290
6456
804
8552
5614
5391
3974
833
5918
5764
9281
3046
4858
8545
4548
8502
1505
1727
1567
4937
683
402
9460
4927
9938
9386
6472
3253
5898
2490
646
612
2455
4815
1840
3006
6116
2450
7801
8546
9512
507
4834
1575
4919
3662
317
9385
9094
1603
1794
41
7753
3364
8777
8917
3332
4414
7988
5819
8034
20
6488
894
6086
2249
8026
1373
1000
3977
6017
9226
523
8084
4306
8025
6413
9701
3485
5700
3767
5253
8605
8404
4922
7847
2280
4313
301
4350
8579
472
5223
3583
8372
8631
2079
9390
8972
192
1538
5688
184
531
3137
8043
2632
2745
4886
1703
8652
6956
7597
6096
8937
9966
2698
9650
2640
6459
5296
3033
4838
5668
2729
9529
1069
4399
1579
1674
7948
2429
734
3397
2196
8231
1953
5032
2416
3538
5993
2913
6704
4301
9990
4812
9090
1944
8398
6588
6186
4891
8515
9778
3177
6272
8074
7812
8591
996
3688
1239
9315
9086
6693
699
8864
9466
235
5215
8135
9500
8668
6985
8513
9145
3009
7196
7242
9126
6531
1487
6155
2110
5029
1333
4701
6921
1695
3288
542
7890
2017
274
4791
5942
4362
2598
1771
4559
2784
2849
1631
6443
6893
2678
7832
1148
3734
3408
739
1785
8774
8571
1191
2163
9606
706
4469
7491
5148
8348
4160
6540
3331
8924
6160
3530
7529
5689
449
4638
3199
4740
9213
5607
9347
2019
4347
1410
5222
8464
8388
4226
3261
3100
8397
7952
3362
8949
7309
5637
195
8544
8299
7190
3471
9822
5634
9814
2870
7792
4459
2827
8923
6316
1291
5641
3239
5049
9551
8755
72
3091
5318
4266
5068
7292
4631
3116
6969
2204
9771
7503
7068
1
9625
8973
8468
2483
5421
8792
462
6776
7253
4918
7100
9882
8032
3942
8360
6357
6114
9836
8438
7097
3845
9694
7888
6172
486
643
5721
4569
3027
1464
7279
8988
7672
5183
6239
899
4280
1047
2420
6525
2989
8852
2393
2210
4956
6248
2574
8022
678
2832
9916
7096
1142
7244
1035
5033
4452
4477
4916
8012
4026
1157
65
3673
1207
1293
7539
756
2652
2742
7260
9066
8004
2386
5665
2631
2238
8114
8776
1923
6654
2414
4178
2570
1011
8124
9165
3041
1719
2172
9193
8488
9031
5498
9502
8874
9897
5295
9282
8445
6295
1899
7682
9481
1365
7722
5043
938
502
3087
7749
5660
6367
5860
1245
7842
6347
6636
2360
6377
2433
1072
3576
6105
9174
8984
830
3452
846
2739
1824
6804
8199
1768
1619
3458
7870
96
9029
9628
81
6007
2484
2526
883
9797
6530
9054
6751
3473
3502
5265
774
2367
3794
2673
4318
7057
719
19
5624
7919
5554
5340
5235
6998
2142
5079
5555
9974
4054
3075
5091
1165
1418
4645
6240
7615
5017
8431
4965
5893
8062
7073
1330
2297
1622
1611
7140
186
173
8380
5776
1636
4431
6575
9494
7031
6383
5639
9365
38
2727
6235
6198
8582
337
7837
3029
579
1507
3550
3240
1209
7664
5577
5995
8339
1092
5241
5986
2595
4842
9458
406
4527
1613
9127
2899
9164
3590
5601
8229
8537
1314
1088
6743
5719
1443
34
43
9658
6822
2167
4481
8201
3353
5248
82
4492
3292
8707
1952
5859
7061
2554
5271
2092
8086
9443
2281
6872
144
7752
6615
5278
5704
4511
3309
8448
6904
9169
825
5608
7476
6913
7780
8165
5907
8623
8507
5162
9905
3917
9786
8331
9061
2719
2660
3565
281
155
771
2961
9700
7763
1031
7730
6936
9465
4958
4465
1522
5982
8639
1307
3069
3450
7301
511
6912
9752
9028
3141
6843
7280
6766
6349
7606
9471
2173
8869
8452
9655
8174
8322
7694
9641
8138
3143
1745
5523
5230
9867
5139
4344
561
7561
2983
7251
9121
5084
4596
5298
1887
8205
6066
2533
1975
1927
7340
5762
1156
145
4606
7525
7480
6158
2966
4038
2411
9645
4438
980
9705
2187
6970
8649
2353
5605
8324
2645
7438
1152
3057
4682
5885
5185
2324
9735
6738
3270
8312
7181
5404
818
696
1204
169
3593
7717
3308
3094
1549
7684
5190
5559
9384
8943
1715
8667
2263
3995
1943
6784
5948
7333
5390
6675
1085
1599
1136
1490
8028
6862
4881
5160
6801
4732
400
6030
3975
6214
6880
3427
5454
5565
325
550
3913
8695
3828
1125
8712
7284
2976
1536
3122
915
9679
2861
7600
1813
8796
5735
3821
959
5712
1852
395
6610
5580
3022
9521
6197
3929
8241
9395
5344
7911
2499
8957
8547
1104
1196
5255
7959
2412
221
4574
5715
2549
4746
5135
3301
1020
9934
7325
7150
6687
2020
3966
8690
3512
1907
9680
5414
2642
3039
2581
1645
9162
7370
9351
6496
6009
7410
8014
1077
722
5846
3080
154
348
535
3483
9206
9071
944
7102
4679
2728
381
4385
8784
5202
7007
2998
494
3128
5531
9414
7012
6906
1029
5753
7898
1037
2847
4760
5485
9229
3435
9147
1407
5733
3132
7536
6004
5533
7158
8278
9246
7346
9707
5484
2291
2957
6397
3271
4328
5799
1823
8600
4422
3740
8475
4152
2219
9949
9714
8793
8551
3415
2098
3463
4282
6319
562
8950
6034
4653
3015
5853
4476
6580
2033
7565
6698
7639
9702
7330
1956
8833
6338
5373
9407
7704
7345
8157
7385
5840
2257
7904
2404
794
5713
7074
2759
2131
4950
3703
2044
6396
2558
1405
635
6611
3988
5831
6196
6130
4802
6680
7218
7577
2833
2128
6728
4444
6213
6195
8598
1359
3816
9887
8363
282
9307
9806
2514
5808
1386
85
5487
3644
4179
1345
6838
9531
4835
3582
7464
4144
6371
4243
8115
5194
7756
1094
5736
1252
4495
1478
3909
6949
2669
7422
2620
5158
6291
8483
4576
9492
9843
3026
684
2873
7831
129
1590
9074
1331
1885
3702
5961
6286
3628
1874
4161
405
5110
7699
5566
1168
1338
7439
2056
7400
7032
4943
6571
3915
810
7868
6748
7048
5368
3396
3727
9866
5249
1576
2964
4033
7026
3190
8206
6386
5351
591
9923
11
5172
4456
5495
573
1323
5311
6538
4353
2023
396
4909
4346
836
5778
6976
8527
2749
950
6307
9250
9130
1837
6777
5730
7264
9079
7185
4379
3897
2762
6534
3621
6490
4103
1881
926
4174
2264
3694
1400
8126
68
2174
7238
3193
3527
8539
362
1735
2434
4782
4587
3805
8812
930
7486
3388
6366
5286
9140
2100
1016
5571
2189
6576
7056
3706
4090
1730
8909
5880
6518
6723
7022
5137
6341
979
8859
5055
1764
234
2201
9821
9377
7285
4846
5550
8585
4632
2717
9766
9530
3934
6200
8248
9511
7580
9230
8347
1393
9850
179
745
5398
7004
6170
1666
4175
6778
9569
8437
7649
2734
1162
1459
294
5382
777
364
5574
2702
8622
1121
3498
64
9426
5353
5438
3652
2978
1604
4315
2556
8688
4324
5726
9417
9216
4767
4936
4195
66
2941
5921
7112
2213
6585
3707
3023
9319
2119
6664
1424
4458
4714
1166
1672
2878
5772
1463
5132
2378
5828
147
1055
4671
3272
9657
597
5537
9513
8208
4602
3447
3334
8407
9177
8650
7807
7109
9547
3699
9563
671
6602
5232
9153
8853
283
8565
9133
8834
4343
3677
7707
4442
8402
1644
577
9391
4708
204
5428
578
7045
8835
6545
9088
3698
6554
5963
7956
2262
1061
5198
4265
2362
4568
4434
7168
8663
6426
3356
5126
923
89
7563
3206
8463
5483
7731
790
8657
881
459
3750
5106
7593
4388
1180
9343
8819
4138
4710
872
3354
8441
1821
2341
1586
7163
6760
9219
5277
7133
9269
5004
7488
9146
835
4462
8913
48
8947
397
5521
4106
9589
2924
9913
8624
9817
3998
4439
6561
2250
1587
6041
5777
9467
5511
383
7470
9869
1895
4850
9681
4859
6899
2001
3992
2971
7054
8225
4483
9245
4214
2795
5769
721
2488
7976
8222
5403
5114
4854
7544
4748
1861
4218
1880
1508
153
3245
6707
1951
7878
4194
1327
2311
367
3277
6685
802
4122
2251
1533
987
6061
6887
9093
8666
8846
1273
2141
7275
7375
6238
2541
5387
2200
4405
9150
3543
4544
4902
9486
6487
4816
6964
3525
6548
1013
7858
8880
6112
644
3716
9854
8176
8928
6789
9372
7668
7617
7076
5581
5796
8999
5697
1483
9634
285
559
4294
6094
8871
9397
8701
6566
8739
1036
9332
4374
2352
2498
519
4212
1728
3630
6391
3823
7663
2093
8710
7035
2154
1761
633
9112
1384
5486
1441
5157
7701
6550
2041
6321
1702
8927
2431
342
7222
3558
8158
5423
5065
9423
1419
3592
5602
7127
3375
9812
6644
5912
3481
5699
1497
4204
6999
3516
9964
5685
847
1968
4182
4841
1983
8351
5640
871
7855
8461
6618
5667
3922
6014
32
3809
3407
2956
5749
3210
9995
8718
536
1717
2444
3163
9635
9118
5031
1188
7062
1831
4687
504
5345
1249
9032
9143
4935
2769
1294
7020
3486
4078
7489
3542
2347
8048
9862
3647
376
6336
9506
9857
7764
7788
1990
1521
1605
8394
8899
5025
2068
259
1867
1376
6622
7975
7021
4071
8091
9955
6266
5881
3891
5439
8646
5305
9504
7080
4135
4248
5913
1624
387
5960
8493
4558
7825
2465
1989
2824
3184
7750
2248
8617
3973
9487
7408
3720
4063
4025
6131
1284
2081
6029
9803
4482
6194
8797
3050
8876
1750
539
5044
4762
4977
1279
2467
361
1083
920
689
589
5506
8589
2133
6425
4877
2442
4582
831
7522
670
766
8877
5164
5449
2312
5972
8133
1669
2282
3225
7130
7446
1555
466
1692
9788
240
8143
3664
8887
5262
164
2800
3314
862
7652
9703
1638
8439
6833
8083
786
1050
7592
718
9828
3731
6556
3570
7046
6167
6001
286
9370
707
3324
3363
6855
3645
6032
1145
7506
5396
7625
2668
5643
3503
3784
663
1911
9813
9755
1754
6343
8364
5870
1815
8011
3987
978
6679
7994
4562
5427
1174
2578
6465
3065
3613
6759
8799
26
3708
596
6348
3496
6073
5941
3580
1799
3377
7146
1809
7954
384
3389
4461
3021
5939
9491
5200
2254
6980
8113
6829
7199
8823
4368
6387
9946
2394
7610
5644
4639
4985
4326
7909
6077
496
6489
6166
6961
4205
2322
9131
4310
2435
2
3183
5399
5727
5159
5335
6037
6071
4115
8374
9600
1827
6619
5623
8945
9904
829
9800
8766
6434
5450
9633
2153
4651
5083
2258
8916
4681
6163
142
6092
8063
3654
1810
1003
5966
8654
5332
446
8946
3228
1683
7030
525
3467
3374
8516
8283
5179
6544
5567
1197
2042
241
79
4055
2534
1877
2050
345
7071
4480
6333
4773
624
3178
8825
6686
6471
2074
5273
3340
7516
6363
7009
2008
4628
1422
410
4051
6507
5325
5171
7156
6642
3769
4395
4075
3411
1256
6234
1687
5821
6388
1908
5787
2007
1721
3906
5130
9809
9211
5878
6122
351
527
8918
3799
5313
4852
7402
2547
9218
7863
1040
1684
3637
5910
2266
4302
8930
8264
6268
3747
111
4230
1585
3189
3453
5369
6437
5635
2439
6749
3426
6792
1482
4948
7925
9134
5917
8221
8460
2505
3110
4688
2520
4196
9757
1566
2095
3444
8715
3795
921
654
8814
5557
5284
1897
5166
9793
6946
5175
8785
4023
7912
1261
5856
8511
8607
2915
3560
94
3025
641
2542
5201
5338
2816
3887
5275
6042
6467
8129
4050
4720
1001
6035
171
4798
8277
1545
9154
513
2535
7069
2960
9184
2275
7521
3320
2227
540
7748
9524
2603
838
1374
8757
47
9968
3733
8130
1199
1723
2948
2889
7201
4650
6808
1982
7974
4274
3680
7791
1019
5451
740
7602
6870
4202
6480
2597
1553
4297
4803
1583
156
7634
8120
9363
8998
9051
4795
4843
3302
5899
4020
7223
9420
5151
3787
8141
5724
9613
8470
6971
1263
4692
5501
6819
3899
9612
7599
3401
7065
8512
3531
2937
2351
9200
7025
8753
7799
8850
989
3205
9624
2496
4143
2649
1857
1704
3567
4494
1516
9725
3476
9671
6909
6881
3836
4316
1814
3954
336
3705
9228
8314
9722
7293
4369
6313
2772
1707
6874
7795
6023
8282
5436
4992
8717
9122
8849
5515
7232
197
2302
1042
5138
914
69
1977
1819
5117
2563
5875
5560
243
1193
4924
8125
4978
4181
123
1529
8288
3911
7955
6171
1387
7546
6254
9736
1550
4491
3067
5406
8335
5975
8581
5664
9440
1128
3266
5811
853
7650
9544
1062
4485
9616
5239
8430
3511
2327
585
4987
5254
2071
3179
916
5687
5527
5595
263
3402
3328
9794
8671
7998
3338
4474
6067
110
6645
9428
3145
9070
1504
4967
3572
583
7010
2471
5071
9188
8067
6750
9674
3640
657
5188
7591
7734
9298
2921
450
5897
7134
127
1435
6731
5140
4697
2974
9571
8220
6775
6957
1240
2076
5710
5210
8714
1181
7867
3615
8077
4545
8085
4654
8423
2197
4167
8192
7257
7143
5744
6372
1486
7479
750
8890
4873
9827
4999
9289
5349
2773
3269
1987
5034
6162
7903
7379
8052
8643
6444
7229
458
9770
8498
7099
9642
2764
6201
28
4048
9754
2836
5833
5042
3802
9870
2981
7828
5861
8257
2002
4
2377
9287
7936
7505
4986
9847
2562
1981
6771
1946
7931
4694
6813
2695
2779
7296
6252
1272
7361
5149
9791
3457
1117
9224
8567
7517
9804
1905
9301
246
1202
5653
4031
8371
9227
3868
3873
8855
5649
820
206
4785
8615
9075
9986
593
1862
3035
287
5219
6141
2035
8243
3791
2874
9545
6511
