1000
331
858
901
18
285
583
732
562
704
313
217
940
965
272
554
452
460
908
848
444
90
333
623
247
829
911
436
838
244
264
662
340
32
199
495
139
945
71
387
309
724
771
943
602
188
325
120
914
933
673
104
810
427
305
655
166
967
534
110
407
931
250
404
297
842
882
381
619
50
609
367
744
189
72
533
966
379
926
330
257
535
117
149
350
944
970
760
22
375
832
869
880
280
295
160
336
154
615
382
7
99
366
525
397
846
378
701
341
255
36
334
454
449
338
101
643
982
55
980
819
122
784
581
622
106
971
611
400
772
276
652
607
951
526
703
422
753
136
566
934
564
640
696
718
399
653
314
128
799
815
682
516
103
694
523
661
556
693
273
44
91
240
410
899
59
975
715
863
813
56
674
434
778
193
717
532
124
16
418
896
663
170
85
28
93
979
805
476
685
354
261
73
364
705
864
859
894
768
606
291
69
738
141
747
57
594
814
507
266
1
684
112
981
206
482
976
426
508
406
524
252
919
94
229
746
857
591
692
310
767
676
230
352
716
254
793
127
932
782
164
960
196
82
474
493
371
215
409
521
259
550
865
75
636
327
227
271
839
43
438
363
590
654
279
666
509
163
107
79
65
937
462
253
573
216
89
959
520
629
827
195
973
278
92
182
968
48
651
679
342
180
151
788
209
343
37
777
133
513
726
26
559
749
287
467
405
321
723
735
198
184
817
998
796
214
318
707
275
536
61
664
866
167
130
390
296
617
96
712
792
145
161
504
191
401
20
999
421
775
51
5
465
453
437
752
441
835
506
479
739
546
624
672
362
845
568
780
730
245
442
844
993
658
21
529
642
210
913
113
219
886
270
443
576
953
8
843
194
78
181
220
912
447
900
670
249
804
824
595
584
904
80
445
391
955
12
490
135
806
988
887
725
121
150
293
207
81
478
324
292
469
497
995
312
450
561
781
601
888
233
890
540
689
228
962
551
720
923
88
680
13
549
798
9
830
742
537
728
286
873
412
822
408
221
486
883
175
246
241
647
938
627
851
457
751
433
917
332
505
897
678
423
384
928
203
208
132
190
319
3
192
765
605
519
669
201
351
236
733
212
575
603
481
610
567
774
172
518
53
898
33
416
946
958
300
52
985
634
179
948
498
428
816
178
320
631
316
38
608
667
656
339
628
315
978
582
974
414
862
977
86
992
572
621
620
994
459
750
369
466
719
27
140
102
797
586
345
638
35
262
2
395
243
808
811
686
702
70
874
850
258
847
916
920
942
565
129
431
770
729
633
889
986
649
699
303
668
541
964
464
721
223
475
237
996
242
415
403
511
231
213
234
225
30
68
239
472
722
763
485
795
282
265
868
380
921
281
820
743
710
803
461
58
425
613
840
376
984
599
477
446
301
657
949
109
307
713
202
25
148
614
451
455
903
902
700
675
430
17
925
876
304
119
522
927
358
930
571
764
855
489
727
587
298
323
618
645
361
108
697
471
787
131
302
100
683
543
637
432
922
238
555
263
47
173
463
483
989
344
915
41
370
833
906
706
4
748
881
144
871
448
31
458
480
232
557
95
226
385
841
456
42
895
574
776
125
539
786
162
34
510
153
138
936
569
884
11
218
19
756
671
14
834
597
396
991
439
548
630
187
588
983
156
200
424
174
709
737
688
335
359
328
429
632
585
211
484
997
185
935
802
186
143
741
402
177
861
388
87
929
766
885
972
134
659
146
512
677
641
355
644
308
563
6
357
299
222
1000
698
801
592
860
317
392
517
596
76
147
118
909
589
126
503
812
115
165
924
413
604
269
494
394
365
650
961
393
854
389
879
758
137
159
488
105
560
755
579
435
754
248
515
870
646
598
496
825
875
757
64
116
183
356
939
856
470
691
837
176
235
990
708
877
878
852
368
954
326
348
823
123
98
947
283
773
577
74
552
528
785
531
952
251
277
77
745
169
473
500
306
111
268
892
593
761
205
499
891
152
294
45
360
635
329
660
828
872
311
346
157
762
492
197
538
956
84
941
545
337
54
759
826
791
687
289
600
411
963
29
62
547
853
353
514
779
665
440
987
807
155
63
570
836
544
374
420
910
969
284
224
809
769
681
907
950
67
347
290
349
491
714
373
39
49
204
256
867
171
789
800
639
288
731
918
558
783
83
487
398
648
794
260
377
542
501
530
790
527
158
372
383
893
97
60
711
740
502
142
580
690
23
114
267
15
818
625
553
957
46
66
386
821
626
849
274
417
905
24
734
168
831
10
578
616
40
736
419
612
322
695
468
